7
5 6
1	6	11	15	18	20
21	2	7	12	16	19
25	22	3	8	13	17
28	26	23	4	9	14
30	29	27	24	5	10
4 4
-13	-9	-5	-1
-14	-10	-6	-2
-15	-11	-7	-3
-16	-12	-8	-4
3 2
1	-6
-2	5
3	-4
2 2
-33	4
-83	2
12 12
-85	-2	100	-23	39	-96	-98	35	-3	-18	-85	-95
-79	22	46	-80	5	31	20	-71	64	32	-35	-38
-3	87	65	-90	-12	30	-50	-74	91	14	-38	100
24	33	-13	-2	7	53	30	-26	44	55	70	90
-27	69	-4	20	-76	-48	0	36	-24	-54	-78	33
9	91	51	21	21	-51	29	-69	3	84	-37	-18
41	94	89	80	-92	-2	-88	17	-12	72	23	-83
-19	-39	-54	-16	71	-95	25	29	5	-40	51	41
95	-66	40	79	-100	-15	76	-56	-34	-83	37	36
-67	-36	-58	-70	95	36	-12	29	-88	-95	-16	-59
61	-18	6	18	21	58	-67	-49	-35	53	-36	-33
85	59	40	47	-55	-22	31	19	96	83	62	-27
3 12
-51	-49	94	21	-3	96	-22	31	37	60	-82	-28
-52	86	-26	-2	81	-10	-29	43	-99	-10	-92	26
46	23	77	-42	59	59	22	47	92	88	-69	7
12 3
-3	1	55
-28	26	-23
4	-92	89
-56	16	-43
61	-17	-24
-49	37	82
77	-40	-60
63	-91	-58
-78	-73	88
-17	-69	-58
-22	-59	76
-2	41	-77
